0.137255 0.411765 0.549020
0.144275 0.416671 0.552868
0.151296 0.421576 0.556717
0.158316 0.426482 0.560565
0.165336 0.431388 0.564414
0.172357 0.436294 0.568262
0.179377 0.441200 0.572111
0.186398 0.446105 0.575959
0.193418 0.451011 0.579808
0.200438 0.455917 0.583656
0.207459 0.460823 0.587505
0.214479 0.465729 0.591353
0.221499 0.470634 0.595202
0.228520 0.475540 0.599050
0.235540 0.480446 0.602899
0.242561 0.485352 0.606747
0.249581 0.490258 0.610596
0.256601 0.495163 0.614444
0.263622 0.500069 0.618293
0.270642 0.504975 0.622141
0.277662 0.509881 0.625990
0.284683 0.514787 0.629839
0.291703 0.519692 0.633687
0.298724 0.524598 0.637536
0.305744 0.529504 0.641384
0.312764 0.534410 0.645233
0.319785 0.539316 0.649081
0.326805 0.544221 0.652930
0.333825 0.549127 0.656778
0.340846 0.554033 0.660627
0.347866 0.558939 0.664475
0.354887 0.563845 0.668324
0.361907 0.568750 0.672172
0.368927 0.573656 0.676021
0.375948 0.578562 0.679869
0.382968 0.583468 0.683718
0.389988 0.588374 0.687566
0.397009 0.593280 0.691415
0.404029 0.598185 0.695263
0.411050 0.603091 0.699112
0.418070 0.607997 0.702960
0.425090 0.612903 0.706809
0.432111 0.617809 0.710657
0.439131 0.622714 0.714506
0.446151 0.627620 0.718354
0.453172 0.632526 0.722203
0.460192 0.637432 0.726052
0.467213 0.642338 0.729900
0.474233 0.647243 0.733749
0.481253 0.652149 0.737597
0.488274 0.657055 0.741446
0.495294 0.661961 0.745294
0.502314 0.666867 0.749143
0.509335 0.671772 0.752991
0.516355 0.676678 0.756840
0.523376 0.681584 0.760688
0.530396 0.686490 0.764537
0.537416 0.691396 0.768385
0.544437 0.696301 0.772234
0.551457 0.701207 0.776082
0.558478 0.706113 0.779931
0.565498 0.711019 0.783779
0.572518 0.715925 0.787628
0.579539 0.720830 0.791476
0.586559 0.725736 0.795325
0.593579 0.730642 0.799173
0.600600 0.735548 0.803022
0.607620 0.740454 0.806870
0.614641 0.745359 0.810719
0.621661 0.750265 0.814567
0.628681 0.755171 0.818416
0.635702 0.760077 0.822265
0.642722 0.764983 0.826113
0.649742 0.769889 0.829962
0.656763 0.774794 0.833810
0.663783 0.779700 0.837659
0.670804 0.784606 0.841507
0.677824 0.789512 0.845356
0.684844 0.794418 0.849204
0.691865 0.799323 0.853053
0.698885 0.804229 0.856901
0.705905 0.809135 0.860750
0.712926 0.814041 0.864598
0.719946 0.818947 0.868447
0.726967 0.823852 0.872295
0.733987 0.828758 0.876144
0.741007 0.833664 0.879992
0.748028 0.838570 0.883841
0.755048 0.843476 0.887689
0.762068 0.848381 0.891538
0.769089 0.853287 0.895386
0.776109 0.858193 0.899235
0.783130 0.863099 0.903083
0.900780 0.900780 0.900780
0.895566 0.895566 0.895566
0.890351 0.890351 0.890351
0.885137 0.885137 0.885137
0.879923 0.879923 0.879923
0.874708 0.874708 0.874708
0.869494 0.869494 0.869494
0.864279 0.864279 0.864279
0.859065 0.859065 0.859065
0.853850 0.853850 0.853850
0.848636 0.848636 0.848636
0.843421 0.843421 0.843421
0.838207 0.838207 0.838207
0.832992 0.832992 0.832992
0.827778 0.827778 0.827778
0.822563 0.822563 0.822563
0.817349 0.817349 0.817349
0.812134 0.812134 0.812134
0.806920 0.806920 0.806920
0.801705 0.801705 0.801705
0.796491 0.796491 0.796491
0.791276 0.791276 0.791276
0.786062 0.786062 0.786062
0.780847 0.780847 0.780847
0.775633 0.775633 0.775633
0.770419 0.770419 0.770419
0.765204 0.765204 0.765204
0.759990 0.759990 0.759990
0.754775 0.754775 0.754775
0.749561 0.749561 0.749561
0.744346 0.744346 0.744346
0.739132 0.739132 0.739132
0.733917 0.733917 0.733917
0.728703 0.728703 0.728703
0.723488 0.723488 0.723488
0.718274 0.718274 0.718274
0.713059 0.713059 0.713059
0.707845 0.707845 0.707845
0.702630 0.702630 0.702630
0.697416 0.697416 0.697416
0.692201 0.692201 0.692201
0.686987 0.686987 0.686987
0.681772 0.681772 0.681772
0.676558 0.676558 0.676558
0.671344 0.671344 0.671344
0.666129 0.666129 0.666129
0.660915 0.660915 0.660915
0.655700 0.655700 0.655700
0.650486 0.650486 0.650486
0.645271 0.645271 0.645271
0.640057 0.640057 0.640057
0.634842 0.634842 0.634842
0.629628 0.629628 0.629628
0.624413 0.624413 0.624413
0.619199 0.619199 0.619199
0.613984 0.613984 0.613984
0.608770 0.608770 0.608770
0.603555 0.603555 0.603555
0.602081 0.600179 0.599067
0.608622 0.600743 0.596135
0.615163 0.601307 0.593203
0.621704 0.601871 0.590270
0.628246 0.602435 0.587338
0.634787 0.602999 0.584406
0.641328 0.603563 0.581474
0.647869 0.604127 0.578542
0.654410 0.604691 0.575609
0.660951 0.605254 0.572677
0.667492 0.605818 0.569745
0.674033 0.606382 0.566813
0.680574 0.606946 0.563881
0.687115 0.607510 0.560948
0.693656 0.608074 0.558016
0.700197 0.608638 0.555084
0.706738 0.609202 0.552152
0.713280 0.609765 0.549220
0.719821 0.610329 0.546287
0.726362 0.610893 0.543355
0.732903 0.611457 0.540423
0.739444 0.612021 0.537491
0.745985 0.612585 0.534559
0.752526 0.613149 0.531626
0.759067 0.613713 0.528694
0.765608 0.614277 0.525762
0.772149 0.614840 0.522830
0.778690 0.615404 0.519897
0.785231 0.615968 0.516965
0.791772 0.616532 0.514033
0.798313 0.617096 0.511101
0.804855 0.617660 0.508169
0.811396 0.618224 0.505236
0.817937 0.618788 0.502304
0.824478 0.619352 0.499372
0.816194 0.608351 0.490012
0.795556 0.587712 0.475294
0.774917 0.567074 0.460577
0.754279 0.546436 0.445859
0.733641 0.525798 0.431142
0.713003 0.505160 0.416424
0.692364 0.484521 0.401707
0.671726 0.463883 0.386990
0.651088 0.443245 0.372272
0.630450 0.422607 0.357555
0.609812 0.401968 0.342837
0.589173 0.381330 0.328120
0.568535 0.360692 0.313403
0.547897 0.340054 0.298685
0.527259 0.319416 0.283968
0.506621 0.298777 0.269250
0.485982 0.278139 0.254533
0.465344 0.257501 0.239815
0.444706 0.236863 0.225098
0.424068 0.216225 0.210381
0.403429 0.195586 0.195663
0.382791 0.174948 0.180946
0.362153 0.154310 0.166228
0.357939 0.152188 0.160185
0.382468 0.182468 0.169319
0.406997 0.212749 0.178454
0.431526 0.243030 0.187589
0.456055 0.273310 0.196724
0.480584 0.303591 0.205859
0.505113 0.333872 0.214994
0.529642 0.364152 0.224129
0.554171 0.394433 0.233264
0.578700 0.424714 0.242399
0.603230 0.454994 0.251534
0.627759 0.485275 0.260669
0.652288 0.515556 0.269804
0.676817 0.545836 0.278939
0.701346 0.576117 0.288074
0.725875 0.606398 0.297209
0.750404 0.636678 0.306344
0.774933 0.666959 0.315479
0.799462 0.697240 0.324614
0.823991 0.727520 0.333749
0.848520 0.757801 0.342884
0.873049 0.788082 0.352018
0.897578 0.818362 0.361153
0.916324 0.842399 0.371611
0.909050 0.838339 0.388020
0.901776 0.834279 0.404429
0.894502 0.830219 0.420838
0.887228 0.826159 0.437247
0.879954 0.822099 0.453656
0.872680 0.818039 0.470065
0.865406 0.813979 0.486474
0.858131 0.809919 0.502884
0.850857 0.805859 0.519293
0.843583 0.801799 0.535702
0.836309 0.797739 0.552111
0.829035 0.793679 0.568520
0.821761 0.789619 0.584929
0.814487 0.785559 0.601338
0.807213 0.781499 0.617747
0.799938 0.777439 0.634156
0.792664 0.773379 0.650565
0.785390 0.769319 0.666974
0.778116 0.765260 0.683383
0.770842 0.761200 0.699792
0.763568 0.757140 0.716201
0.756294 0.753080 0.732611
0.749020 0.749020 0.749020
