0.788235 0.866667 0.905882
0.898884 0.898884 0.898884
0.895566 0.895566 0.895566
0.892248 0.892248 0.892248
0.888929 0.888929 0.888929
0.885611 0.885611 0.885611
0.882293 0.882293 0.882293
0.878974 0.878974 0.878974
0.875656 0.875656 0.875656
0.872338 0.872338 0.872338
0.869020 0.869020 0.869020
0.865701 0.865701 0.865701
0.862383 0.862383 0.862383
0.859065 0.859065 0.859065
0.855746 0.855746 0.855746
0.852428 0.852428 0.852428
0.849110 0.849110 0.849110
0.845791 0.845791 0.845791
0.842473 0.842473 0.842473
0.839155 0.839155 0.839155
0.835836 0.835836 0.835836
0.832518 0.832518 0.832518
0.829200 0.829200 0.829200
0.825882 0.825882 0.825882
0.822563 0.822563 0.822563
0.819245 0.819245 0.819245
0.815927 0.815927 0.815927
0.812608 0.812608 0.812608
0.809290 0.809290 0.809290
0.805972 0.805972 0.805972
0.802653 0.802653 0.802653
0.799335 0.799335 0.799335
0.796017 0.796017 0.796017
0.792699 0.792699 0.792699
0.789380 0.789380 0.789380
0.786062 0.786062 0.786062
0.782744 0.782744 0.782744
0.779425 0.779425 0.779425
0.776107 0.776107 0.776107
0.772789 0.772789 0.772789
0.769470 0.769470 0.769470
0.766152 0.766152 0.766152
0.762834 0.762834 0.762834
0.759516 0.759516 0.759516
0.756197 0.756197 0.756197
0.752879 0.752879 0.752879
0.749561 0.749561 0.749561
0.746242 0.746242 0.746242
0.742924 0.742924 0.742924
0.739606 0.739606 0.739606
0.736287 0.736287 0.736287
0.732969 0.732969 0.732969
0.729651 0.729651 0.729651
0.726333 0.726333 0.726333
0.723014 0.723014 0.723014
0.719696 0.719696 0.719696
0.716378 0.716378 0.716378
0.713059 0.713059 0.713059
0.709741 0.709741 0.709741
0.706423 0.706423 0.706423
0.703104 0.703104 0.703104
0.699786 0.699786 0.699786
0.696468 0.696468 0.696468
0.693149 0.693149 0.693149
0.689831 0.689831 0.689831
0.686513 0.686513 0.686513
0.683195 0.683195 0.683195
0.679876 0.679876 0.679876
0.676558 0.676558 0.676558
0.673240 0.673240 0.673240
0.669921 0.669921 0.669921
0.666603 0.666603 0.666603
0.663285 0.663285 0.663285
0.659966 0.659966 0.659966
0.656648 0.656648 0.656648
0.653330 0.653330 0.653330
0.650012 0.650012 0.650012
0.646693 0.646693 0.646693
0.643375 0.643375 0.643375
0.640057 0.640057 0.640057
0.636738 0.636738 0.636738
0.633420 0.633420 0.633420
0.630102 0.630102 0.630102
0.626783 0.626783 0.626783
0.623465 0.623465 0.623465
0.620147 0.620147 0.620147
0.616829 0.616829 0.616829
0.613510 0.613510 0.613510
0.610192 0.610192 0.610192
0.606874 0.606874 0.606874
0.603555 0.603555 0.603555
0.600237 0.600237 0.600237
0.603865 0.600333 0.598267
0.608028 0.600692 0.596401
0.612190 0.601051 0.594535
0.616353 0.601410 0.592669
0.620515 0.601769 0.590804
0.624678 0.602127 0.588938
0.628840 0.602486 0.587072
0.633003 0.602845 0.585206
0.637165 0.603204 0.583340
0.641328 0.603563 0.581474
0.645490 0.603922 0.579608
0.649653 0.604280 0.577742
0.653815 0.604639 0.575876
0.657978 0.604998 0.574010
0.662140 0.605357 0.572144
0.666303 0.605716 0.570278
0.670465 0.606075 0.568412
0.674628 0.606433 0.566546
0.678790 0.606792 0.564680
0.682953 0.607151 0.562814
0.687115 0.607510 0.560948
0.691278 0.607869 0.559082
0.695440 0.608228 0.557216
0.699603 0.608586 0.555351
0.703765 0.608945 0.553485
0.707928 0.609304 0.551619
0.712090 0.609663 0.549753
0.716253 0.610022 0.547887
0.720415 0.610381 0.546021
0.724578 0.610739 0.544155
0.728740 0.611098 0.542289
0.732903 0.611457 0.540423
0.737065 0.611816 0.538557
0.741228 0.612175 0.536691
0.745390 0.612534 0.534825
0.749553 0.612892 0.532959
0.753715 0.613251 0.531093
0.757878 0.613610 0.529227
0.762040 0.613969 0.527361
0.766203 0.614328 0.525495
0.770365 0.614687 0.523629
0.774528 0.615045 0.521763
0.778690 0.615404 0.519897
0.782853 0.615763 0.518032
0.787015 0.616122 0.516166
0.791178 0.616481 0.514300
0.795340 0.616840 0.512434
0.799503 0.617199 0.510568
0.803665 0.617557 0.508702
0.807828 0.617916 0.506836
0.811990 0.618275 0.504970
0.816153 0.618634 0.503104
0.820315 0.618993 0.501238
0.824478 0.619352 0.499372
0.823699 0.615855 0.495363
0.810565 0.602722 0.485998
0.797432 0.589589 0.476632
0.784298 0.576455 0.467266
0.771165 0.563322 0.457901
0.758032 0.550188 0.448535
0.744898 0.537055 0.439170
0.731765 0.523922 0.429804
0.718631 0.510788 0.420438
0.705498 0.497655 0.411073
0.692364 0.484521 0.401707
0.679231 0.471388 0.392341
0.666098 0.458255 0.382976
0.652964 0.445121 0.373610
0.639831 0.431988 0.364245
0.626697 0.418854 0.354879
0.613564 0.405721 0.345513
0.600431 0.392587 0.336148
0.587297 0.379454 0.326782
0.574164 0.366321 0.317416
0.561030 0.353187 0.308051
0.547897 0.340054 0.298685
0.534764 0.326920 0.289319
0.521630 0.313787 0.279954
0.508497 0.300654 0.270588
0.495363 0.287520 0.261223
0.482230 0.274387 0.251857
0.469097 0.261253 0.242491
0.455963 0.248120 0.233126
0.442830 0.234987 0.223760
0.429696 0.221853 0.214394
0.416563 0.208720 0.205029
0.403429 0.195586 0.195663
0.390296 0.182453 0.186298
0.377163 0.169319 0.176932
0.364029 0.156186 0.167566
0.350896 0.143053 0.158201
0.362399 0.157693 0.161845
0.378008 0.176963 0.167659
0.393618 0.196232 0.173472
0.409227 0.215502 0.179285
0.424837 0.234771 0.185098
0.440446 0.254041 0.190911
0.456055 0.273310 0.196724
0.471665 0.292580 0.202537
0.487274 0.311849 0.208351
0.502884 0.331119 0.214164
0.518493 0.350388 0.219977
0.534102 0.369658 0.225790
0.549712 0.388927 0.231603
0.565321 0.408197 0.237416
0.580930 0.427466 0.243230
0.596540 0.446736 0.249043
0.612149 0.466005 0.254856
0.627759 0.485275 0.260669
0.643368 0.504544 0.266482
0.658977 0.523814 0.272295
0.674587 0.543083 0.278108
0.690196 0.562353 0.283922
0.705805 0.581622 0.289735
0.721415 0.600892 0.295548
0.737024 0.620161 0.301361
0.752634 0.639431 0.307174
0.768243 0.658700 0.312987
0.783852 0.677970 0.318800
0.799462 0.697240 0.324614
0.815071 0.716509 0.330427
0.830681 0.735779 0.336240
0.846290 0.755048 0.342053
0.861899 0.774318 0.347866
0.877509 0.793587 0.353679
0.893118 0.812857 0.359493
0.908727 0.832126 0.365306
0.915663 0.842030 0.373103
0.911034 0.839446 0.383545
0.906405 0.836863 0.393987
0.901776 0.834279 0.404429
0.897147 0.831696 0.414871
0.892518 0.829112 0.425313
0.887889 0.826528 0.435755
0.883260 0.823945 0.446198
0.878631 0.821361 0.456640
0.874002 0.818777 0.467082
0.869373 0.816194 0.477524
0.864744 0.813610 0.487966
0.860115 0.811027 0.498408
0.855486 0.808443 0.508850
0.850857 0.805859 0.519293
0.846228 0.803276 0.529735
0.841599 0.800692 0.540177
0.836970 0.798108 0.550619
0.832341 0.795525 0.561061
0.827712 0.792941 0.571503
0.823083 0.790358 0.581945
0.818454 0.787774 0.592388
0.813825 0.785190 0.602830
0.809196 0.782607 0.613272
0.804567 0.780023 0.623714
0.799938 0.777439 0.634156
0.795309 0.774856 0.644598
0.790681 0.772272 0.655040
0.786052 0.769689 0.665483
0.781423 0.767105 0.675925
0.776794 0.764521 0.686367
0.772165 0.761938 0.696809
0.767536 0.759354 0.707251
0.762907 0.756770 0.717693
0.758278 0.754187 0.728135
0.753649 0.751603 0.738577
0.749020 0.749020 0.749020
