0.741176 0.843137 0.905882
0.893330 0.900421 0.778459
0.892427 0.898657 0.776243
0.891524 0.896892 0.774027
0.890621 0.895127 0.771811
0.889719 0.893363 0.769595
0.888816 0.891598 0.767379
0.887913 0.889834 0.765163
0.887010 0.888069 0.762947
0.886107 0.886304 0.760731
0.885205 0.884540 0.758515
0.884302 0.882775 0.756299
0.883399 0.881011 0.754083
0.882496 0.879246 0.751867
0.881593 0.877481 0.749651
0.880690 0.875717 0.747435
0.879788 0.873952 0.745219
0.878885 0.872188 0.743003
0.877982 0.870423 0.740787
0.877079 0.868658 0.738571
0.876176 0.866894 0.736354
0.875274 0.865129 0.734138
0.874371 0.863365 0.731922
0.873468 0.861600 0.729706
0.872565 0.859835 0.727490
0.871662 0.858071 0.725274
0.870759 0.856306 0.723058
0.869857 0.854542 0.720842
0.868954 0.852777 0.718626
0.868051 0.851012 0.716410
0.867148 0.849248 0.714194
0.866245 0.847483 0.711978
0.865343 0.845719 0.709762
0.864440 0.843954 0.707546
0.863537 0.842189 0.705330
0.862634 0.840425 0.703114
0.861731 0.838660 0.700898
0.860828 0.836896 0.698682
0.859926 0.835131 0.696466
0.859023 0.833366 0.694250
0.858120 0.831602 0.692034
0.857217 0.829837 0.689818
0.856314 0.828073 0.687602
0.855412 0.826308 0.685386
0.854509 0.824543 0.683170
0.853606 0.822779 0.680954
0.852703 0.821014 0.678738
0.851800 0.819250 0.676522
0.850897 0.817485 0.674306
0.849995 0.815720 0.672090
0.849092 0.813956 0.669874
0.848189 0.812191 0.667658
0.847286 0.810427 0.665442
0.846383 0.808662 0.663226
0.845481 0.806897 0.661010
0.844578 0.805133 0.658794
0.843675 0.803368 0.656578
0.842772 0.801604 0.654362
0.841869 0.799839 0.652146
0.840966 0.798074 0.649930
0.840064 0.796310 0.647714
0.839161 0.794545 0.645498
0.838258 0.792781 0.643282
0.837355 0.791016 0.641066
0.836452 0.789251 0.638850
0.835550 0.787487 0.636634
0.834647 0.785722 0.634418
0.833744 0.783958 0.632202
0.832841 0.782193 0.629986
0.831938 0.780428 0.627770
0.831035 0.778664 0.625554
0.830133 0.776899 0.623338
0.829230 0.775135 0.621122
0.828327 0.773370 0.618906
0.827424 0.771605 0.616690
0.826521 0.769841 0.614474
0.825619 0.768076 0.612258
0.824716 0.766312 0.610042
0.823813 0.764547 0.607826
0.822910 0.762782 0.605610
0.822007 0.761018 0.603394
0.821104 0.759253 0.601178
0.820202 0.757489 0.598962
0.819299 0.755724 0.596746
0.818396 0.753959 0.594530
0.817493 0.752195 0.592314
0.816590 0.750430 0.590098
0.815688 0.748666 0.587882
0.814785 0.746901 0.585666
0.813882 0.745136 0.583450
0.812979 0.743372 0.581234
0.812076 0.741607 0.579018
0.811173 0.739843 0.576802
0.810271 0.738078 0.574586
0.809368 0.736313 0.572370
0.808465 0.734549 0.570154
0.807562 0.732784 0.567938
0.806659 0.731020 0.565722
0.805756 0.729255 0.563506
0.804854 0.727490 0.561290
0.803951 0.725726 0.559074
0.803048 0.723961 0.556858
0.802145 0.722196 0.554642
0.801242 0.720432 0.552426
0.800340 0.718667 0.550210
0.799437 0.716903 0.547994
0.798534 0.715138 0.545778
0.797631 0.713373 0.543562
0.796728 0.711609 0.541346
0.795825 0.709844 0.539130
0.794923 0.708080 0.536914
0.794020 0.706315 0.534698
0.793117 0.704550 0.532482
0.792214 0.702786 0.530266
0.791311 0.701021 0.528050
0.790409 0.699257 0.525834
0.789506 0.697492 0.523618
0.788603 0.695727 0.521402
0.787700 0.693963 0.519185
0.786797 0.692198 0.516969
0.785894 0.690434 0.514753
0.784992 0.688669 0.512537
0.784089 0.686904 0.510321
0.783186 0.685140 0.508105
0.782283 0.683375 0.505889
0.781380 0.681611 0.503673
0.780478 0.679846 0.501457
0.779575 0.678081 0.499241
0.778672 0.676317 0.497025
0.777769 0.674552 0.494809
0.776866 0.672788 0.492593
0.775963 0.671023 0.490377
0.775061 0.669258 0.488161
0.774158 0.667494 0.485945
0.773255 0.665729 0.483729
0.772352 0.663965 0.481513
0.771449 0.662200 0.479297
0.770547 0.660435 0.477081
0.769644 0.658671 0.474865
0.768741 0.656906 0.472649
0.767838 0.655142 0.470433
0.766935 0.653377 0.468217
0.766032 0.651612 0.466001
0.765130 0.649848 0.463785
0.764227 0.648083 0.461569
0.763324 0.646319 0.459353
0.762421 0.644554 0.457137
0.761518 0.642789 0.454921
0.760616 0.641025 0.452705
0.759713 0.639260 0.450489
0.758810 0.637496 0.448273
0.757907 0.635731 0.446057
0.757004 0.633966 0.443841
0.756101 0.632202 0.441625
0.755199 0.630437 0.439409
0.754296 0.628673 0.437193
0.753393 0.626908 0.434977
0.752490 0.625143 0.432761
0.751587 0.623379 0.430545
0.750685 0.621614 0.428329
0.749782 0.619850 0.426113
0.748879 0.618085 0.423897
0.747976 0.616320 0.421681
0.747073 0.614556 0.419465
0.746170 0.612791 0.417249
0.745268 0.611027 0.415033
0.744365 0.609262 0.412817
0.743462 0.607497 0.410601
0.742559 0.605733 0.408385
0.741656 0.603968 0.406169
0.740754 0.602204 0.403953
0.739851 0.600439 0.401737
0.738948 0.598674 0.399521
0.738045 0.596910 0.397305
0.737142 0.595145 0.395089
0.736239 0.593381 0.392873
0.735337 0.591616 0.390657
0.734434 0.589851 0.388441
0.733531 0.588087 0.386225
0.732628 0.586322 0.384009
0.731725 0.584558 0.381793
0.730823 0.582793 0.379577
0.729920 0.581028 0.377361
0.729017 0.579264 0.375145
0.728114 0.577499 0.372929
0.727211 0.575735 0.370713
0.726308 0.573970 0.368497
0.725406 0.572205 0.366281
0.724503 0.570441 0.364065
0.723600 0.568676 0.361849
0.722697 0.566912 0.359633
0.721794 0.565147 0.357417
0.723137 0.568120 0.362722
0.725229 0.572672 0.370534
0.727320 0.577224 0.378347
0.729412 0.581776 0.386159
0.731503 0.586328 0.393972
0.733595 0.590880 0.401784
0.735686 0.595433 0.409596
0.737778 0.599985 0.417409
0.739869 0.604537 0.425221
0.741961 0.609089 0.433033
0.744052 0.613641 0.440846
0.746144 0.618193 0.448658
0.748235 0.622745 0.456471
0.750327 0.627297 0.464283
0.752418 0.631849 0.472095
0.754510 0.636401 0.479908
0.756601 0.640953 0.487720
0.758693 0.645506 0.495532
0.760784 0.650058 0.503345
0.762876 0.654610 0.511157
0.764967 0.659162 0.518970
0.767059 0.663714 0.526782
0.769150 0.668266 0.534594
0.771242 0.672818 0.542407
0.773333 0.677370 0.550219
0.775425 0.681922 0.558032
0.777516 0.686474 0.565844
0.779608 0.691027 0.573656
0.781699 0.695579 0.581469
0.783791 0.700131 0.589281
0.785882 0.704683 0.597093
0.787974 0.709235 0.604906
0.790065 0.713787 0.612718
0.792157 0.718339 0.620531
0.794248 0.722891 0.628343
0.796340 0.727443 0.636155
0.798431 0.731995 0.643968
0.800523 0.736547 0.651780
0.802614 0.741100 0.659592
0.804706 0.745652 0.667405
0.806797 0.750204 0.675217
0.808889 0.754756 0.683030
0.810980 0.759308 0.690842
0.813072 0.763860 0.698654
0.815163 0.768412 0.706467
0.817255 0.772964 0.714279
0.819346 0.777516 0.722092
0.821438 0.782068 0.729904
0.823529 0.786621 0.737716
0.825621 0.791173 0.745529
0.827712 0.795725 0.753341
0.829804 0.800277 0.761153
0.831895 0.804829 0.768966
0.833987 0.809381 0.776778
0.836078 0.813933 0.784591
0.838170 0.818485 0.792403
0.840261 0.823037 0.800215
0.842353 0.827589 0.808028
0.844444 0.832141 0.815840
0.846536 0.836694 0.823652
0.848627 0.841246 0.831465
0.850719 0.845798 0.839277
0.852810 0.850350 0.847090
0.854902 0.854902 0.854902
