0.419608 0.682353 0.839216
0.425913 0.685506 0.840523
0.432218 0.688658 0.841830
0.438524 0.691811 0.843137
0.444829 0.694963 0.844444
0.451134 0.698116 0.845752
0.457439 0.701269 0.847059
0.463745 0.704421 0.848366
0.470050 0.707574 0.849673
0.476355 0.710727 0.850980
0.482661 0.713879 0.852288
0.488966 0.717032 0.853595
0.495271 0.720185 0.854902
0.501576 0.723337 0.856209
0.507882 0.726490 0.857516
0.514187 0.729642 0.858824
0.520492 0.732795 0.860131
0.526797 0.735948 0.861438
0.533103 0.739100 0.862745
0.539408 0.742253 0.864052
0.545713 0.745406 0.865359
0.552018 0.748558 0.866667
0.558324 0.751711 0.867974
0.564629 0.754864 0.869281
0.570934 0.758016 0.870588
0.577240 0.761169 0.871895
0.583545 0.764321 0.873203
0.589850 0.767474 0.874510
0.596155 0.770627 0.875817
0.602461 0.773779 0.877124
0.608766 0.776932 0.878431
0.615071 0.780085 0.879739
0.621376 0.783237 0.881046
0.627682 0.786390 0.882353
0.633987 0.789542 0.883660
0.640292 0.792695 0.884967
0.646597 0.795848 0.886275
0.652903 0.799000 0.887582
0.659208 0.802153 0.888889
0.665513 0.805306 0.890196
0.671819 0.808458 0.891503
0.678124 0.811611 0.892810
0.684429 0.814764 0.894118
0.690734 0.817916 0.895425
0.697040 0.821069 0.896732
0.703345 0.824221 0.898039
0.709650 0.827374 0.899346
0.715955 0.830527 0.900654
0.722261 0.833679 0.901961
0.728566 0.836832 0.903268
0.734871 0.839985 0.904575
0.741176 0.843137 0.905882
0.893104 0.899980 0.777905
0.891976 0.897774 0.775135
0.890847 0.895569 0.772365
0.889719 0.893363 0.769595
0.888590 0.891157 0.766825
0.887462 0.888951 0.764055
0.886333 0.886746 0.761285
0.885205 0.884540 0.758515
0.884076 0.882334 0.755745
0.882948 0.880128 0.752975
0.881819 0.877923 0.750205
0.880690 0.875717 0.747435
0.879562 0.873511 0.744665
0.878433 0.871305 0.741895
0.877305 0.869100 0.739125
0.876176 0.866894 0.736354
0.875048 0.864688 0.733584
0.873919 0.862482 0.730814
0.872791 0.860277 0.728044
0.871662 0.858071 0.725274
0.870534 0.855865 0.722504
0.869405 0.853659 0.719734
0.868277 0.851454 0.716964
0.867148 0.849248 0.714194
0.866020 0.847042 0.711424
0.864891 0.844836 0.708654
0.863763 0.842630 0.705884
0.862634 0.840425 0.703114
0.861506 0.838219 0.700344
0.860377 0.836013 0.697574
0.859249 0.833807 0.694804
0.858120 0.831602 0.692034
0.856991 0.829396 0.689264
0.855863 0.827190 0.686494
0.854734 0.824984 0.683724
0.853606 0.822779 0.680954
0.852477 0.820573 0.678184
0.851349 0.818367 0.675414
0.850220 0.816161 0.672644
0.849092 0.813956 0.669874
0.847963 0.811750 0.667104
0.846835 0.809544 0.664334
0.845706 0.807338 0.661564
0.844578 0.805133 0.658794
0.843449 0.802927 0.656024
0.842321 0.800721 0.653254
0.841192 0.798515 0.650484
0.840064 0.796310 0.647714
0.838935 0.794104 0.644944
0.837807 0.791898 0.642174
0.836678 0.789692 0.639404
0.835550 0.787487 0.636634
0.834421 0.785281 0.633864
0.833292 0.783075 0.631094
0.832164 0.780869 0.628324
0.831035 0.778664 0.625554
0.829907 0.776458 0.622784
0.828778 0.774252 0.620014
0.827650 0.772046 0.617244
0.826521 0.769841 0.614474
0.825393 0.767635 0.611704
0.824264 0.765429 0.608934
0.823136 0.763223 0.606164
0.822007 0.761018 0.603394
0.820879 0.758812 0.600624
0.819750 0.756606 0.597854
0.818622 0.754400 0.595084
0.817493 0.752195 0.592314
0.816365 0.749989 0.589544
0.815236 0.747783 0.586774
0.814108 0.745577 0.584004
0.812979 0.743372 0.581234
0.811851 0.741166 0.578464
0.810722 0.738960 0.575694
0.809593 0.736754 0.572924
0.808465 0.734549 0.570154
0.807336 0.732343 0.567384
0.806208 0.730137 0.564614
0.805079 0.727931 0.561844
0.803951 0.725726 0.559074
0.802822 0.723520 0.556304
0.801694 0.721314 0.553534
0.800565 0.719108 0.550764
0.799437 0.716903 0.547994
0.798308 0.714697 0.545224
0.797180 0.712491 0.542454
0.796051 0.710285 0.539684
0.794923 0.708080 0.536914
0.793794 0.705874 0.534144
0.792666 0.703668 0.531374
0.791537 0.701462 0.528604
0.790409 0.699257 0.525834
0.789280 0.697051 0.523064
0.788152 0.694845 0.520293
0.787023 0.692639 0.517523
0.785894 0.690434 0.514753
0.784766 0.688228 0.511983
0.783637 0.686022 0.509213
0.782509 0.683816 0.506443
0.781380 0.681611 0.503673
0.780252 0.679405 0.500903
0.779123 0.677199 0.498133
0.777995 0.674993 0.495363
0.776866 0.672788 0.492593
0.775738 0.670582 0.489823
0.774609 0.668376 0.487053
0.773481 0.666170 0.484283
0.772352 0.663965 0.481513
0.771224 0.661759 0.478743
0.770095 0.659553 0.475973
0.768967 0.657347 0.473203
0.767838 0.655142 0.470433
0.766710 0.652936 0.467663
0.765581 0.650730 0.464893
0.764453 0.648524 0.462123
0.763324 0.646319 0.459353
0.762195 0.644113 0.456583
0.761067 0.641907 0.453813
0.759938 0.639701 0.451043
0.758810 0.637496 0.448273
0.757681 0.635290 0.445503
0.756553 0.633084 0.442733
0.755424 0.630878 0.439963
0.754296 0.628673 0.437193
0.753167 0.626467 0.434423
0.752039 0.624261 0.431653
0.750910 0.622055 0.428883
0.749782 0.619850 0.426113
0.748653 0.617644 0.423343
0.747525 0.615438 0.420573
0.746396 0.613232 0.417803
0.745268 0.611027 0.415033
0.744139 0.608821 0.412263
0.743011 0.606615 0.409493
0.741882 0.604409 0.406723
0.740754 0.602204 0.403953
0.739625 0.599998 0.401183
0.738496 0.597792 0.398413
0.737368 0.595586 0.395643
0.736239 0.593381 0.392873
0.735111 0.591175 0.390103
0.733982 0.588969 0.387333
0.732854 0.586763 0.384563
0.731725 0.584558 0.381793
0.730597 0.582352 0.379023
0.729468 0.580146 0.376253
0.728340 0.577940 0.373483
0.727211 0.575735 0.370713
0.726083 0.573529 0.367943
0.724954 0.571323 0.365173
0.723826 0.569117 0.362403
0.722697 0.566912 0.359633
0.721569 0.564706 0.356863
0.724183 0.570396 0.366628
0.726797 0.576086 0.376394
0.729412 0.581776 0.386159
0.732026 0.587466 0.395925
0.734641 0.593156 0.405690
0.737255 0.598847 0.415456
0.739869 0.604537 0.425221
0.742484 0.610227 0.434987
0.745098 0.615917 0.444752
0.747712 0.621607 0.454517
0.750327 0.627297 0.464283
0.752941 0.632987 0.474048
0.755556 0.638677 0.483814
0.758170 0.644368 0.493579
0.760784 0.650058 0.503345
0.763399 0.655748 0.513110
0.766013 0.661438 0.522876
0.768627 0.667128 0.532641
0.771242 0.672818 0.542407
0.773856 0.678508 0.552172
0.776471 0.684198 0.561938
0.779085 0.689889 0.571703
0.781699 0.695579 0.581469
0.784314 0.701269 0.591234
0.786928 0.706959 0.601000
0.789542 0.712649 0.610765
0.792157 0.718339 0.620531
0.794771 0.724029 0.630296
0.797386 0.729719 0.640062
0.800000 0.735409 0.649827
0.802614 0.741100 0.659592
0.805229 0.746790 0.669358
0.807843 0.752480 0.679123
0.810458 0.758170 0.688889
0.813072 0.763860 0.698654
0.815686 0.769550 0.708420
0.818301 0.775240 0.718185
0.820915 0.780930 0.727951
0.823529 0.786621 0.737716
0.826144 0.792311 0.747482
0.828758 0.798001 0.757247
0.831373 0.803691 0.767013
0.833987 0.809381 0.776778
0.836601 0.815071 0.786544
0.839216 0.820761 0.796309
0.841830 0.826451 0.806075
0.844444 0.832141 0.815840
0.847059 0.837832 0.825606
0.849673 0.843522 0.835371
0.852288 0.849212 0.845136
0.854902 0.854902 0.854902
