0.800000 0.854902 1.000000
0.752203 0.784344 0.991465
0.704406 0.713787 0.982930
0.656609 0.643230 0.974394
0.608812 0.572672 0.965859
0.561015 0.502115 0.957324
0.513218 0.431557 0.948789
0.472961 0.370069 0.936958
0.494909 0.383400 0.897940
0.516856 0.396731 0.858922
0.538804 0.410062 0.819904
0.560751 0.423393 0.780886
0.582699 0.436724 0.741869
0.604647 0.450055 0.702851
0.626594 0.463387 0.663833
0.648542 0.476718 0.624815
0.670489 0.490049 0.585797
0.692437 0.503380 0.546779
0.714385 0.516711 0.507761
0.736332 0.530042 0.468743
0.758280 0.543373 0.429725
0.780227 0.556705 0.390707
0.802175 0.570036 0.351689
0.824123 0.583367 0.312671
0.846070 0.596698 0.273653
0.868018 0.610029 0.234635
0.889965 0.623360 0.195617
0.911913 0.636691 0.156599
0.933861 0.650023 0.117581
0.955808 0.663354 0.078563
0.977756 0.676685 0.039545
0.999703 0.690016 0.000527
0.999925 0.684283 0.000000
0.999849 0.678290 0.000000
0.999773 0.672296 0.000000
0.999698 0.666303 0.000000
0.999622 0.660309 0.000000
0.999546 0.654316 0.000000
0.999470 0.648322 0.000000
0.999394 0.642328 0.000000
0.999318 0.636335 0.000000
0.999242 0.630341 0.000000
0.999166 0.624348 0.000000
0.999091 0.618354 0.000000
0.999015 0.612360 0.000000
0.998939 0.606367 0.000000
0.998863 0.600373 0.000000
0.998787 0.594380 0.000000
0.998711 0.588386 0.000000
0.998635 0.582392 0.000000
0.998560 0.576399 0.000000
0.998484 0.570405 0.000000
0.998408 0.564412 0.000000
0.998332 0.558418 0.000000
0.998256 0.552424 0.000000
0.998180 0.546431 0.000000
0.998104 0.540437 0.000000
0.998028 0.534444 0.000000
0.997953 0.528450 0.000000
0.997877 0.522456 0.000000
0.997801 0.516463 0.000000
0.997725 0.510469 0.000000
0.997649 0.504476 0.000000
0.997573 0.498482 0.000000
0.997497 0.492489 0.000000
0.997422 0.486495 0.000000
0.997346 0.480501 0.000000
0.997270 0.474508 0.000000
0.997194 0.468514 0.000000
0.997118 0.462521 0.000000
0.997042 0.456527 0.000000
0.996966 0.450533 0.000000
0.996890 0.444540 0.000000
0.996815 0.438546 0.000000
0.996739 0.432553 0.000000
0.996663 0.426559 0.000000
0.996587 0.420565 0.000000
0.996511 0.414572 0.000000
0.996435 0.408578 0.000000
0.996359 0.402585 0.000000
0.996283 0.396591 0.000000
0.996208 0.390597 0.000000
0.996132 0.384604 0.000000
0.995848 0.379993 0.000859
0.995075 0.378650 0.003750
0.994301 0.377307 0.006641
0.993527 0.375964 0.009531
0.992753 0.374621 0.012422
0.991979 0.373279 0.015312
0.991205 0.371936 0.018203
0.990431 0.370593 0.021093
0.989658 0.369250 0.023984
0.988884 0.367907 0.026875
0.988110 0.366564 0.029765
0.987336 0.365221 0.032656
0.986562 0.363879 0.035546
0.985788 0.362536 0.038437
0.985014 0.361193 0.041327
0.984241 0.359850 0.044218
0.983467 0.358507 0.047109
0.982693 0.357164 0.049999
0.981919 0.355821 0.052890
0.981145 0.354478 0.055780
0.980371 0.353136 0.058671
0.979597 0.351793 0.061562
0.978824 0.350450 0.064452
0.978050 0.349107 0.067343
0.977276 0.347764 0.070233
0.976502 0.346421 0.073124
0.975728 0.345078 0.076014
0.974954 0.343735 0.078905
0.974180 0.342393 0.081796
0.973407 0.341050 0.084686
0.972633 0.339707 0.087577
0.971859 0.338364 0.090467
0.971085 0.337021 0.093358
0.970311 0.335678 0.096249
0.969537 0.334335 0.099139
0.968763 0.332993 0.102030
0.967990 0.331650 0.104920
0.967216 0.330307 0.107811
0.966442 0.328964 0.110701
0.965668 0.327621 0.113592
0.964894 0.326278 0.116483
0.964120 0.324935 0.119373
0.963346 0.323592 0.122264
0.962573 0.322250 0.125154
0.961799 0.320907 0.128045
0.961025 0.319564 0.130935
0.960251 0.318221 0.133826
0.959477 0.316878 0.136717
0.958703 0.315535 0.139607
0.957929 0.314192 0.142498
0.957156 0.312850 0.145388
0.956382 0.311507 0.148279
0.955608 0.310164 0.151170
0.954834 0.308821 0.154060
0.954060 0.307478 0.156951
0.953286 0.306135 0.159841
0.952512 0.304792 0.162732
0.951739 0.303449 0.165622
0.950965 0.302107 0.168513
0.950191 0.300764 0.171404
0.949417 0.299421 0.174294
0.948643 0.298078 0.177185
0.947869 0.296735 0.180075
0.947095 0.295392 0.182966
0.946322 0.294049 0.185857
0.945548 0.292706 0.188747
0.944774 0.291364 0.191638
0.944000 0.290021 0.194528
0.943226 0.288678 0.197419
0.942452 0.287335 0.200309
0.941678 0.285992 0.203200
0.940905 0.284649 0.206091
0.940131 0.283306 0.208981
0.939357 0.281964 0.211872
0.938583 0.280621 0.214762
0.937809 0.279278 0.217653
0.937035 0.277935 0.220543
0.936261 0.276592 0.223434
0.935488 0.275249 0.226325
0.934714 0.273906 0.229215
0.933940 0.272563 0.232106
0.933166 0.271221 0.234996
0.932392 0.269878 0.237887
0.931618 0.268535 0.240778
0.930844 0.267192 0.243668
0.930071 0.265849 0.246559
0.929297 0.264506 0.249449
0.928523 0.263163 0.252340
0.927749 0.261821 0.255230
0.926975 0.260478 0.258121
0.926201 0.259135 0.261012
0.925427 0.257792 0.263902
0.924654 0.256449 0.266793
0.923880 0.255106 0.269683
0.923106 0.253763 0.272574
0.922332 0.252420 0.275465
0.921558 0.251078 0.278355
0.920784 0.249735 0.281246
0.920010 0.248392 0.284136
0.919237 0.247049 0.287027
0.918463 0.245706 0.289917
0.917689 0.244363 0.292808
0.916915 0.243020 0.295699
0.916141 0.241678 0.298589
0.915367 0.240335 0.301480
0.914593 0.238992 0.304370
0.913820 0.237649 0.307261
0.913046 0.236306 0.310151
0.912272 0.234963 0.313042
0.911498 0.233620 0.315933
0.910724 0.232277 0.318823
0.909950 0.230935 0.321714
0.909176 0.229592 0.324604
0.908403 0.228249 0.327495
0.907629 0.226906 0.330386
0.906855 0.225563 0.333276
0.906081 0.224220 0.336167
0.905307 0.222877 0.339057
0.904533 0.221534 0.341948
0.903759 0.220192 0.344838
0.902986 0.218849 0.347729
0.902212 0.217506 0.350620
0.901438 0.216163 0.353510
0.900664 0.214820 0.356401
0.899890 0.213477 0.359291
0.899116 0.212134 0.362182
0.898342 0.210792 0.365073
0.897569 0.209449 0.367963
0.896795 0.208106 0.370854
0.896021 0.206763 0.373744
0.895247 0.205420 0.376635
0.894473 0.204077 0.379525
0.893699 0.202734 0.382416
0.892925 0.201391 0.385307
0.892152 0.200049 0.388197
0.891378 0.198706 0.391088
0.890604 0.197363 0.393978
0.889830 0.196020 0.396869
0.889056 0.194677 0.399759
0.888282 0.193334 0.402650
0.887508 0.191991 0.405541
0.886735 0.190649 0.408431
0.885961 0.189306 0.411322
0.885187 0.187963 0.414212
0.884413 0.186620 0.417103
0.883639 0.185277 0.419994
0.882865 0.183934 0.422884
0.882092 0.182591 0.425775
0.881318 0.181248 0.428665
0.880544 0.179906 0.431556
0.879770 0.178563 0.434446
0.878996 0.177220 0.437337
0.878222 0.175877 0.440228
0.877448 0.174534 0.443118
0.876675 0.173191 0.446009
0.875901 0.171848 0.448899
0.875127 0.170505 0.451790
0.874353 0.169163 0.454681
0.873579 0.167820 0.457571
0.872805 0.166477 0.460462
0.872031 0.165134 0.463352
0.871258 0.163791 0.466243
0.870484 0.162448 0.469133
0.869710 0.161105 0.472024
0.868936 0.159763 0.474915
0.868162 0.158420 0.477805
0.867388 0.157077 0.480696
0.866614 0.155734 0.483586
0.865841 0.154391 0.486477
0.865067 0.153048 0.489367
0.864293 0.151705 0.492258
0.863519 0.150362 0.495149
0.862745 0.149020 0.498039
